array([[[ 14.52,  15.15,  15.44,  15.53,  15.78,  16.05,  16.25,  16.16,
          16.3 ,  16.3 ,  16.22],
        [ 27.19,  27.81,  28.3 ,  28.54,  28.98,  29.3 ,  29.56,  29.69,
          29.86,  29.74,  29.64],
        [ 14.66,  15.02,  15.25,  15.52,  15.79,  15.98,  16.1 ,  16.16,
          16.25,  16.27,  16.3 ]],

       [[ 27.99,  28.67,  29.39,  29.75,  30.21,  30.52,  30.84,  31.06,
          31.3 ,  31.57,  31.52],
        [ 59.6 ,  60.93,  62.03,  62.71,  64.16,  65.28,  66.27,  66.89,
          67.54,  68.27,  68.75],
        [ 29.72,  30.13,  30.46,  30.73,  31.33,  31.79,  32.12,  32.36,
          32.56,  32.74,  32.82]],

       [[ 15.8 ,  15.98,  16.15,  16.41,  16.69,  17.02,  17.28,  17.49,
          17.7 ,  17.76,  17.96],
        [ 36.61,  37.53,  38.11,  38.23,  38.52,  39.47,  39.78,  39.78,
          39.86,  39.93,  40.01],
        [ 18.53,  18.74,  18.93,  18.97,  19.24,  19.21,  19.32,  19.39,
          19.48,  19.49,  19.29]]])

