array([[[ 14.13,  14.68,  15.03,  15.15,  15.34,  16.32,  16.4 ,  16.45,
          16.47,  16.42,  16.3 ],
        [ 21.65,  22.08,  22.28,  22.35,  22.33,  22.32,  22.14,  21.93,
          21.63,  21.11,  20.71],
        [ 22.08,  22.51,  22.67,  23.21,  23.44,  23.34,  23.41,  23.3 ,
          23.27,  23.07,  22.88],
        [ 27.5 ,  27.94,  28.25,  28.49,  28.71,  28.85,  28.67,  28.62,
          28.66,  28.45,  28.3 ],
        [ 26.67,  27.42,  27.89,  28.26,  28.86,  29.38,  29.81,  29.96,
          29.84,  29.8 ,  29.61],
        [ 20.04,  20.65,  21.21,  21.68,  21.98,  22.24,  22.33,  22.39,
          22.5 ,  22.54,  22.67],
        [ 13.79,  14.3 ,  14.74,  15.07,  15.5 ,  15.89,  16.19,  16.39,
          16.48,  16.53,  16.47]],

       [[ 24.04,  24.67,  25.03,  25.14,  25.58,  25.86,  26.16,  26.26,
          26.34,  26.34,  26.29],
        [ 31.7 ,  32.84,  33.86,  34.68,  35.46,  36.11,  36.63,  36.87,
          36.92,  36.88,  36.53],
        [ 44.18,  45.37,  46.16,  46.78,  47.31,  47.4 ,  47.52,  47.31,
          47.09,  46.68,  46.19],
        [ 47.98,  48.65,  48.73,  48.73,  48.76,  48.72,  48.57,  48.38,
          47.99,  47.4 ,  46.97],
        [ 39.53,  40.38,  41.13,  41.62,  42.19,  42.74,  43.12,  43.16,
          43.07,  42.88,  42.43],
        [ 35.45,  36.03,  36.58,  37.18,  37.77,  38.29,  38.56,  38.75,
          38.82,  38.77,  38.63],
        [ 23.17,  23.91,  24.32,  24.63,  24.98,  25.12,  25.2 ,  25.27,
          25.2 ,  25.15,  25.03]],

       [[ 31.86,  32.53,  33.18,  33.51,  33.81,  34.1 ,  34.45,  34.5 ,
          34.34,  34.19,  33.99],
        [ 48.33,  49.73,  50.65,  51.04,  51.52,  51.95,  52.06,  52.05,
          52.12,  51.81,  51.52],
        [ 65.  ,  66.54,  67.64,  67.94,  67.9 ,  68.26,  68.45,  68.39,
          68.16,  67.61,  66.99],
        [ 64.16,  65.3 ,  66.3 ,  67.14,  67.77,  68.29,  68.64,  68.43,
          68.33,  67.9 ,  67.16],
        [ 63.3 ,  64.5 ,  65.24,  65.73,  66.11,  66.49,  66.59,  66.46,
          66.17,  65.76,  65.22],
        [ 44.81,  45.12,  45.89,  45.81,  45.95,  46.02,  46.12,  45.94,
          45.95,  45.69,  45.29],
        [ 29.61,  30.25,  30.89,  31.15,  31.3 ,  31.91,  32.38,  32.5 ,
          32.62,  32.64,  32.72]],

       [[ 29.4 ,  29.85,  30.22,  30.69,  31.24,  31.74,  32.25,  32.56,
          32.97,  33.37,  33.65],
        [ 44.2 ,  45.37,  46.43,  47.23,  48.12,  48.63,  49.65,  50.14,
          50.58,  50.88,  50.95],
        [ 59.63,  60.83,  61.67,  62.48,  63.58,  64.87,  65.53,  65.82,
          66.67,  67.13,  67.4 ],
        [ 64.15,  65.69,  67.08,  67.63,  68.03,  68.1 ,  68.48,  68.71,
          68.81,  68.38,  68.53],
        [ 56.73,  58.  ,  59.32,  59.97,  60.68,  61.65,  62.74,  63.05,
          63.75,  64.42,  64.32],
        [ 44.89,  46.55,  47.89,  49.05,  49.83,  50.35,  51.08,  51.4 ,
          51.67,  52.22,  52.23],
        [ 26.71,  27.39,  27.75,  27.95,  28.4 ,  28.71,  29.25,  29.48,
          30.04,  30.58,  31.26]],

       [[ 26.1 ,  26.61,  26.95,  27.33,  27.84,  28.22,  28.88,  29.17,
          29.6 ,  29.85,  29.89],
        [ 37.04,  36.69,  37.26,  37.75,  38.77,  39.76,  40.58,  41.2 ,
          41.67,  42.11,  42.52],
        [ 51.44,  52.96,  54.45,  55.41,  56.36,  57.41,  58.11,  58.35,
          58.65,  58.62,  58.37],
        [ 56.93,  57.52,  58.2 ,  59.31,  60.09,  61.  ,  61.74,  62.24,
          63.04,  63.91,  64.75],
        [ 53.39,  54.63,  55.94,  56.54,  57.38,  58.3 ,  59.42,  59.58,
          59.78,  60.22,  60.32],
        [ 43.  ,  44.57,  45.69,  46.39,  47.27,  47.8 ,  48.32,  49.09,
          49.77,  50.03,  50.48],
        [ 31.62,  32.34,  33.03,  33.43,  33.83,  34.11,  34.45,  34.67,
          35.03,  35.19,  35.39]],

       [[ 22.82,  23.16,  23.43,  23.34,  23.32,  23.56,  23.79,  23.92,
          24.28,  24.77,  25.15],
        [ 34.26,  34.89,  35.87,  35.92,  36.09,  36.8 ,  37.52,  37.98,
          38.58,  38.94,  39.08],
        [ 41.75,  42.75,  43.53,  44.1 ,  44.89,  45.32,  45.76,  46.3 ,
          46.83,  47.42,  47.99],
        [ 50.03,  50.69,  52.03,  53.35,  53.84,  54.38,  55.1 ,  55.54,
          56.51,  57.63,  58.24],
        [ 51.8 ,  52.82,  53.91,  55.02,  56.23,  57.81,  57.37,  56.74,
          56.05,  55.32,  54.46],
        [ 44.55,  44.76,  44.95,  45.07,  45.28,  45.49,  45.52,  45.55,
          45.4 ,  45.22,  44.77],
        [ 27.83,  27.94,  28.18,  28.29,  28.62,  28.89,  28.91,  28.97,
          29.03,  29.08,  29.  ]],

       [[ 17.75,  17.93,  18.03,  18.08,  18.08,  18.35,  19.05,  19.43,
          19.74,  20.03,  20.17],
        [ 29.89,  30.22,  30.4 ,  30.74,  30.89,  31.08,  31.25,  31.48,
          31.74,  31.82,  32.16],
        [ 38.88,  38.75,  38.8 ,  38.36,  38.28,  38.12,  38.16,  38.36,
          38.57,  39.  ,  39.28],
        [ 37.84,  38.04,  38.3 ,  38.69,  39.02,  39.42,  40.02,  40.45,
          40.86,  41.11,  41.2 ],
        [ 37.35,  38.51,  39.77,  40.41,  41.09,  41.19,  41.16,  41.12,
          40.98,  40.94,  40.62],
        [ 31.87,  32.36,  32.84,  32.85,  33.01,  33.  ,  33.13,  33.14,
          33.09,  32.82,  32.5 ],
        [ 21.38,  21.7 ,  22.05,  22.2 ,  22.42,  22.59,  22.54,  22.67,
          22.77,  22.84,  22.63]]])